								1,23,15							
							0,22,15								
			-4,21,15	-3,21,15	-2,21,15		0,21,15		2,21,15	3,21,15	4,21,15				
		-5,20,15	-4,20,14	-3,20,14	-2,20,14	-1,20,15	0,20,15	1,20,15	2,20,14	3,20,14	4,20,14	5,20,15			
	-6,19,15	-5,19,14	-4,19,14	-3,19,14	-2,19,14	-1,19,14	0,19,14	1,19,14	2,19,14	3,19,14	4,19,14	5,19,14	6,19,15		
-7,18,15	-6,18,14	-5,18,14	-4,18,14	-3,18,14	-2,18,14	-1,18,14	0,18,14	1,18,14	2,18,14	3,18,14	4,18,14	5,18,14	6,18,14	7,18,15	
-7,17,15	-6,17,14	-5,17,14	-4,17,14	-3,17,14	-2,17,14	-1,17,14	0,17,14	1,17,14	2,17,14	3,17,14	4,17,14	5,17,14	6,17,14	7,17,15	
-7,16,15	-6,16,14	-5,16,14	-4,16,14	-3,16,14	-2,16,14	-1,16,14	0,16,14	1,16,14	2,16,14	3,16,14	4,16,14	5,16,14	6,16,14	7,16,15	
-7,15,15	-6,15,14	-5,15,14	-4,15,14	-3,15,14	-2,15,14	-1,15,14	0,15,14	1,15,14	2,15,14	3,15,14	4,15,14	5,15,14	6,15,14	7,15,15	
-7,14,15	-6,14,14	-5,14,14	-4,14,14	-3,14,14	-2,14,14	-1,14,14	0,14,14	1,14,14	2,14,14	3,14,14	4,14,14	5,14,14	6,14,14	7,14,15	
	-6,13,15	-5,13,14	-4,13,14	-3,13,14	-2,13,14	-1,13,14	0,13,14	1,13,14	2,13,14	3,13,14	4,13,14	5,13,14	6,13,15		
	-6,12,15	-5,12,14	-4,12,14	-3,12,14	-2,12,14	-1,12,14	0,12,14	1,12,14	2,12,14	3,12,14	4,12,14	5,12,14	6,12,15		
		-5,11,15	-4,11,14	-3,11,14	-2,11,14	-1,11,14	0,11,14	1,11,14	2,11,14	3,11,14	4,11,14	5,11,15			
			-4,10,15	-3,10,15	-2,10,14	-1,10,14	0,10,14	1,10,14	2,10,14	3,10,15	4,10,15				
					-2,9,15	-1,9,15	0,9,15	1,9,15	2,9,15						