																											
																											
																											
																											
																											
																											
																											
																											
														0,17,1													
													-1,16,1	0,16,4	1,16,1												
													-1,15,1	0,15,4	1,15,1												
												-2,14,1	-1,14,4	0,14,4	1,14,4	2,14,1											
												-2,13,1	-1,13,4	0,13,4	1,13,4	2,13,1											
											-3,12,1	-2,12,1	-1,12,4	0,12,4	1,12,4	2,12,4	3,12,1										
						-8,11,1	-7,11,1	-6,11,1	-5,11,1	-4,11,1	-3,11,1	-2,11,4	-1,11,4	0,11,4	1,11,4	2,11,4	3,11,1	4,11,1	5,11,1	6,11,1	7,11,1	8,11,1					
							-7,10,1	-6,10,4	-5,10,4	-4,10,4	-3,10,4	-2,10,7	-1,10,4	0,10,4	1,10,4	2,10,7	3,10,4	4,10,4	5,10,4	6,10,4	7,10,1						
								-6,9,1	-5,9,4	-4,9,4	-3,9,4	-2,9,7	-1,9,4	0,9,4	1,9,4	2,9,7	3,9,4	4,9,4	5,9,4	6,9,1							
									-5,8,1	-4,8,4	-3,8,4	-2,8,7	-1,8,4	0,8,4	1,8,4	2,8,7	3,8,4	4,8,4	5,8,1								
										-4,7,1	-3,7,4	-2,7,4	-1,7,4	0,7,4	1,7,4	2,7,4	3,7,4	4,7,1									
											-3,6,1	-2,6,4	-1,6,4	0,6,4	1,6,4	2,6,4	3,6,1										
										-4,5,1	-3,5,4	-2,5,4	-1,5,4	0,5,4	1,5,4	2,5,4	3,5,4	4,5,1									
									-5,4,1	-4,4,4	-3,4,4	-2,4,4	-1,4,4	0,4,4	1,4,4	2,4,4	3,4,4	4,4,4	5,4,1								
								-6,3,1	-5,3,4	-4,3,4	-3,3,4	-2,3,1	-1,3,1	0,3,1	1,3,1	2,3,1	3,3,4	4,3,4	5,3,4	6,3,1							
							-7,2,1	-6,2,4	-5,2,1	-4,2,1	-3,2,1	-2,2,1				2,2,1	3,2,1	4,2,1	5,2,1	6,2,4	7,2,1						
						-8,1,1	-7,1,1	-6,1,1	-5,1,1										5,1,1	6,1,1	7,1,1	8,1,1					