			-7,23,0	-6,23,8						
			-7,22,8	-6,22,0						
			-7,21,0	-6,21,8						
			-7,20,8	-6,20,0						
			-7,19,0	-6,19,8						
			-7,18,8	-6,18,0						
			-7,17,0	-6,17,8						
	-9,16,15	-8,16,15	-7,16,15	-6,16,15	-5,16,15	-4,16,15	-3,16,15	-2,16,15		
	-9,15,12	-8,15,12	-7,15,12	-6,15,12	-5,15,12	-4,15,12	-3,15,12	-2,15,12		
	-9,14,12	-8,14,12	-7,14,12	-6,14,12	-5,14,12	-4,14,12	-3,14,12	-2,14,12		
	-9,13,12	-8,13,12	-7,13,12	-6,13,12	-5,13,12	-4,13,12	-3,13,12	-2,13,12		
	-9,12,12	-8,12,12	-7,12,12	-6,12,12	-5,12,12	-4,12,12	-3,12,12	-2,12,12		
	-9,11,12	-8,11,12	-7,11,12	-6,11,12	-5,11,12	-4,11,12	-3,11,12	-2,11,12		
	-9,10,12	-8,10,12	-7,10,12	-6,10,12	-5,10,12	-4,10,12	-3,10,12	-2,10,12		
	-9,9,12	-8,9,15	-7,9,12	-6,9,15	-5,9,12	-4,9,12	-3,9,12			
	-9,8,12	-8,8,12	-7,8,15	-6,8,12	-5,8,12	-4,8,15	-3,8,12			
	-9,7,15	-8,7,12	-7,7,12	-6,7,15	-5,7,12	-4,7,12	-3,7,15			
	-9,6,12	-8,6,12	-7,6,15	-6,6,12	-5,6,15	-4,6,12	-3,6,12			
	-9,5,15	-8,5,12	-7,5,12	-6,5,15	-5,5,12	-4,5,12	-3,5,15			
	-9,4,12	-8,4,15	-7,4,12	-6,4,12	-5,4,15	-4,4,12	-3,4,12			