							-2,17,11						
						-3,16,11							
		-7,15,11					-2,15,11					3,15,11	
	-8,14,11							-1,14,11					4,14,11
		-7,13,11					-2,13,11					3,13,11	
			-6,12,11								2,12,11		
		-7,11,11				-3,11,7	-2,11,7					3,11,11	
	-8,10,11				-4,10,4	-3,10,4	-2,10,4	-1,10,4					4,10,11
				-5,9,4	-4,9,4	-3,9,4	-2,9,4	-1,9,4	0,9,4				
					-4,8,4	-3,8,4	-2,8,4	-1,8,4					
				-5,7,1	-4,7,1	-3,7,1	-2,7,1	-1,7,1	0,7,1				
			-6,6,1	-5,6,1	-4,6,1	-3,6,1	-2,6,1	-1,6,1	0,6,1	1,6,1			
				-5,5,1	-4,5,1	-3,5,1	-2,5,1	-1,5,1	0,5,1				
			-6,4,6	-5,4,6	-4,4,11	-3,4,6	-2,4,6	-1,4,11	0,4,6	1,4,6			
		-7,3,6	-6,3,6	-5,3,11	-4,3,6	-3,3,6	-2,3,6	-1,3,6	0,3,11	1,3,6	2,3,6		
			-6,2,6	-5,2,6	-4,2,11	-3,2,11	-2,2,11	-1,2,11	0,2,6	1,2,6			