						1,12,5	2,12,5	3,12,5		
					0,11,5	1,11,13	2,11,13	3,11,5		
				-1,10,5	0,10,13	1,10,13	2,10,13	3,10,5		
				-1,9,5	0,9,13	1,9,13	2,9,5			
				-1,8,5	0,8,5	1,8,5				
					0,7,5					
		-3,6,14	-2,6,14	-1,6,5		1,6,14	2,6,14			
	-4,5,14	-3,5,14	-2,5,14	-1,5,14	0,5,14	1,5,14	2,5,14	3,5,14		
	-4,4,14	-3,4,14	-2,4,14	-1,4,14	0,4,14	1,4,14	2,4,14	3,4,14		
	-4,3,14	-3,3,14	-2,3,14	-1,3,14	0,3,14	1,3,14	2,3,14	3,3,14		
	-4,2,14	-3,2,14	-2,2,14	-1,2,14	0,2,14	1,2,14	2,2,14	3,2,14		
		-3,1,14	-2,1,14	-1,1,14	0,1,14	1,1,14	2,1,14			