										-4,25,15	-3,25,15	-2,25,15	-1,25,15	0,25,15	1,25,15												
									-5,24,15	-4,24,15	-3,24,12	-2,24,12	-1,24,12	0,24,12	1,24,15	2,24,15											
								-6,23,15	-5,23,15	-4,23,12	-3,23,15	-2,23,12	-1,23,12	0,23,15	1,23,12	#REF!	3,23,15										
								-6,22,15	-5,22,12	-4,22,12	-3,22,15	-2,22,12	-1,22,12	0,22,15	1,22,12	#REF!	3,22,15										
#REF!	-13,21,15			-10,21,15			-7,21,15	-6,21,15	-5,21,12	-4,21,12	-3,21,12	-2,21,12	-1,21,12	0,21,12	1,21,12	2,21,15	3,21,15	4,21,15									
#REF!	-13,20,15			-10,20,15		-8,20,15		-6,20,15	-5,20,12	-4,20,12	-3,20,12	-2,20,15	-1,20,15	0,20,15	1,20,12	2,20,12	3,20,15		5,20,15					10,20,15			
-14,19,15		-12,19,15		-10,19,15			-7,19,15	-6,19,15	-5,19,12	-4,19,15	-3,19,12	-2,19,12	-1,19,12	#REF!	1,19,15	2,19,12	3,19,15	4,19,15		#REF!			9,19,8	10,19,15	11,19,8	12,19,8	
-14,18,15		-12,18,15		-10,18,15				-6,18,15	-5,18,15	-4,18,12	-3,18,12	-2,18,12	-1,18,12	0,18,12	#REF!	2,18,15	3,18,15				7,18,8	8,18,8	9,18,8	10,18,15	11,18,8	12,18,8	13,18,8
-14,17,15	-13,17,15	-12,17,15	-11,17,15	-10,17,15				-6,17,15	-5,17,15	-4,17,12	-3,17,15	-2,17,15	-1,17,15	0,17,15	1,17,12	2,17,15	3,17,15				7,17,8	8,17,8	9,17,8	10,17,15	11,17,8	12,17,8	13,17,8
		-12,16,15						-6,16,15	-5,16,15	-4,16,12	-3,16,12	-2,16,12	-1,16,12	0,16,12	1,16,12	2,16,15	3,16,15					8,16,8	9,16,8	10,16,15	11,16,8	12,16,8	
		-12,15,15					-7,15,9	-6,15,9	-5,15,15	-4,15,15	-3,15,15	-2,15,15	-1,15,15	0,15,15	1,15,15	2,15,15	3,15,4	4,15,4						10,15,15			
		-12,14,15					-7,14,9	-6,14,9	-5,14,9	-4,14,15	-3,14,15	-2,14,15	-1,14,15	0,14,15	1,14,15	2,14,4	3,14,4	4,14,4						10,14,15			
	-13,13,12	-12,13,12	-11,13,12	-10,13,12	-9,13,12	-8,13,12	-7,13,9	-6,13,9	-5,13,9	-4,13,9	-3,13,15	-2,13,15	-1,13,15	0,13,15	1,13,4	2,13,4	3,13,4	4,13,4	5,13,12	6,13,12	7,13,12	8,13,12	9,13,12	10,13,12			
	-13,12,12	-12,12,12	-11,12,12	-10,12,12	-9,12,12	-8,12,12	-7,12,9	-6,12,9	-5,12,9	-4,12,9	-3,12,9	-2,12,15	-1,12,15	0,12,4	1,12,4	2,12,4	3,12,4	4,12,4						10,12,15			
		-12,11,15					-7,11,9	-6,11,9	-5,11,9	-4,11,9	-3,11,9	-2,11,9	-1,11,4	0,11,4	1,11,4	2,11,4	3,11,4	4,11,4									
		-12,10,15					-7,10,9	-6,10,9	-5,10,9	-4,10,9	-3,10,9	-2,10,9	-1,10,4	0,10,4	1,10,4	2,10,4	3,10,4	4,10,4									
		-12,9,15					-7,9,9	-6,9,9	-5,9,9	-4,9,9	-3,9,9	-2,9,9	-1,9,4	0,9,4	1,9,4	2,9,4	3,9,4	4,9,4									
		-12,8,15					-7,8,9	-6,8,9	-5,8,9	-4,8,9	-3,8,9	-2,8,9	-1,8,4	0,8,4	1,8,4	2,8,4	3,8,4	4,8,4									
		-12,7,15					-7,7,9	-6,7,9	-5,7,9	-4,7,9	-3,7,9	-2,7,9	-1,7,4	0,7,4	1,7,4	2,7,4	3,7,4	4,7,4									
		-12,6,15					-7,6,9	-6,6,9	-5,6,9	-4,6,9	-3,6,9	-2,6,9	-1,6,4	0,6,4	1,6,4	2,6,4	3,6,4	4,6,4									
		-12,5,15					-7,5,9	-6,5,9	-5,5,9	-4,5,9	-3,5,9	-2,5,9	-1,5,4	0,5,4	1,5,4	2,5,4	3,5,4	4,5,4									
		-12,4,15					-7,4,9	-6,4,9	-5,4,9	-4,4,9	-3,4,9	-2,4,9	-1,4,4	0,4,4	1,4,4	2,4,4	3,4,4	4,4,4									
		-12,3,15					-7,3,9	-6,3,9	-5,3,9	-4,3,9	-3,3,9	-2,3,9	-1,3,4	0,3,4	1,3,4	2,3,4	3,3,4	4,3,4									
		-12,2,15					-7,2,9	-6,2,9	-5,2,9	-4,2,9	-3,2,9	-2,2,9	-1,2,4	0,2,4	1,2,4	2,2,4	3,2,4	4,2,4									
		-12,1,15					-7,1,9	-6,1,9	-5,1,9	-4,1,9	-3,1,9	-2,1,9	-1,1,4	0,1,4	1,1,4	2,1,4	3,1,4	4,1,4									