							-3,21,14	-2,21,14	-1,21,14	0,21,14	1,21,14	2,21,14	3,21,14	4,21,14							
					-5,20,14	-4,20,14	-3,20,14	-2,20,1	-1,20,1	0,20,1	1,20,1	2,20,1	3,20,1	4,20,14	5,20,14	6,20,14					
				-6,19,14	-5,19,14	-4,19,1	-3,19,1	-2,19,1	-1,19,4	0,19,4	1,19,4	2,19,4	3,19,1	4,19,1	5,19,1	6,19,14	7,19,14				
			-7,18,14	-6,18,14	-5,18,1	-4,18,1	-3,18,4	-2,18,4	-1,18,4	0,18,4	1,18,4	2,18,4	3,18,4	4,18,4	5,18,1	6,18,1	7,18,14	8,18,14			
		-8,17,14	-7,17,14	-6,17,1	-5,17,1	-4,17,4	-3,17,4	-2,17,5	-1,17,5	0,17,5	1,17,5	2,17,5	3,17,5	4,17,4	5,17,4	6,17,1	7,17,1	8,17,14	9,17,14		
		-8,16,14	-7,16,1	-6,16,1	-5,16,4	-4,16,4	-3,16,5	-2,16,5	-1,16,9	0,16,9	1,16,9	2,16,9	3,16,5	4,16,5	5,16,4	6,16,4	7,16,1	8,16,1	9,16,14		
		-8,15,14	-7,15,1	-6,15,4	-5,15,4	-4,15,5	-3,15,5	-2,15,9	-1,15,10	0,15,10	1,15,10	2,15,10	3,15,9	4,15,5	5,15,5	6,15,4	7,15,4	8,15,1	9,15,14		
		-8,14,14	-7,14,1	-6,14,4	-5,14,5	-4,14,5	-3,14,9	-2,14,10					3,14,10	4,14,9	5,14,5	6,14,5	7,14,4	8,14,1	9,14,14		
	-9,13,14	-8,13,14	-7,13,7	-6,13,7	-5,13,7	-4,13,7	-3,13,10							4,13,10	5,13,9	6,13,5	7,13,4	8,13,1	9,13,14	10,13,14	
	-9,12,7	-8,12,7	-7,12,7	-6,12,7	-5,12,7	-4,12,7	-3,12,7							4,12,7	5,12,7	6,12,7	7,12,7	8,12,7	9,12,7	10,12,14	
-10,11,7	-9,11,7	-8,11,7	-7,11,7	-6,11,7	-5,11,7	-4,11,7	#REF!	-2,11,7					3,11,7	4,11,7	5,11,7	6,11,7	7,11,7	8,11,7	9,11,7	10,11,7	
-10,10,7	-9,10,7	-8,10,7	-7,10,7	-6,10,7	-5,10,7	-4,10,7	-3,10,7					2,10,7	3,10,7	4,10,7	5,10,7	6,10,7	7,10,7	8,10,7	9,10,7	10,10,7	
	-9,9,7	-8,9,7	-7,9,7	-6,9,7	-5,9,7	-4,9,7								4,9,7	5,9,7	6,9,7	7,9,7	8,9,7	9,9,7		
															5,8,7	6,8,7	7,8,7	8,8,7			