			-7,21,15	-6,21,15	-5,21,15	-4,21,15	-3,21,15	-2,21,15	-1,21,15	0,21,15	1,21,15	2,21,15	3,21,15	4,21,15	5,21,15	6,21,15	7,21,15			
		-8,20,15	-7,20,15	-6,20,15	-5,20,15	-4,20,15	-3,20,15	-2,20,15	-1,20,15	0,20,15	1,20,15	2,20,15	3,20,15	4,20,15	5,20,15	6,20,15	7,20,15	8,20,15		
		-8,19,15	-7,19,15	-6,19,15	-5,19,15	-4,19,15	-3,19,15	-2,19,15	-1,19,15	0,19,15	1,19,15	2,19,15	3,19,15	4,19,15	5,19,15	6,19,15	7,19,15	8,19,15		
		-8,18,12	-7,18,12	-6,18,12	-5,18,12	-4,18,12	-3,18,12	-2,18,12	-1,18,12	0,18,12	1,18,12	2,18,12	3,18,12	4,18,12	5,18,12	6,18,12	7,18,12	8,18,12		
		-8,17,12	-7,17,12	-6,17,12	-5,17,12	-4,17,12	-3,17,12	-2,17,12	-1,17,12	0,17,12	1,17,12	2,17,12	3,17,12	4,17,12	5,17,12	6,17,12	7,17,12	8,17,12		
		-8,16,12	-7,16,15	-6,16,15	-5,16,15	-4,16,15	-3,16,12	-2,16,12	-1,16,12	0,16,12	1,16,12	2,16,12	3,16,12	4,16,15	5,16,15	6,16,15	7,16,15	8,16,12		
		-8,15,12	-7,15,12	-6,15,12	-5,15,12	-4,15,12	-3,15,12	-2,15,12	-1,15,12	0,15,12	1,15,12	2,15,12	3,15,12	4,15,12	5,15,12	6,15,12	7,15,12	8,15,12		
		-8,14,12	-7,14,15	-6,14,15	-5,14,15	-4,14,15	-3,14,12	-2,14,12	-1,14,12	0,14,12	1,14,12	2,14,12	3,14,12	4,14,15	5,14,15	6,14,15	7,14,15	8,14,12		
		-8,13,12	-7,13,15	-6,13,15	-5,13,15	-4,13,15	-3,13,12	-2,13,12	-1,13,12	0,13,12	1,13,12	2,13,12	3,13,12	4,13,15	5,13,15	6,13,15	7,13,15	8,13,12		
-10,12,12	-9,12,12	-8,12,12	-7,12,12	-6,12,12	-5,12,12	-4,12,12	-3,12,12	-2,12,12	-1,12,12	0,12,12	1,12,12	2,12,12	3,12,12	4,12,12	5,12,12	6,12,12	7,12,12	8,12,12	9,12,12	10,12,12
-10,11,12	-9,11,12	-8,11,12	-7,11,12	-6,11,12	-5,11,12	-4,11,12	-3,11,12	-2,11,12	-1,11,12	0,11,15	1,11,12	2,11,12	3,11,12	4,11,12	5,11,12	6,11,12	7,11,12	8,11,12	9,11,12	10,11,12
-10,10,12	-9,10,12	-8,10,12	-7,10,12	-6,10,12	-5,10,12	-4,10,12	-3,10,12	-2,10,12	-1,10,15	0,10,12	1,10,12	2,10,12	3,10,12	4,10,12	5,10,12	6,10,12	7,10,12	8,10,12	9,10,12	10,10,12
		-8,9,12	-7,9,12	-6,9,12	-5,9,12	-4,9,12	-3,9,12	-2,9,15	-1,9,12	0,9,12	1,9,12	2,9,12	3,9,12	4,9,12	5,9,12	6,9,12	7,9,12	8,9,12		
		-8,8,12	-7,8,12	-6,8,12	-5,8,12	-4,8,12	-3,8,12	-2,8,15	-1,8,15	0,8,15	1,8,15	2,8,12	3,8,12	4,8,12	5,8,12	6,8,12	7,8,12	8,8,12		
		-8,7,12	-7,7,12	-6,7,12	-5,7,12	-4,7,12	-3,7,12	-2,7,12	-1,7,12	0,7,12	1,7,12	2,7,12	3,7,12	4,7,12	5,7,12	6,7,12	7,7,12	8,7,12		
		-8,6,12	-7,6,14	-6,6,14	-5,6,14	-4,6,14	-3,6,14	-2,6,14	-1,6,14	0,6,14	1,6,14	2,6,14	3,6,14	4,6,14	5,6,14	6,6,14	7,6,14	8,6,12		
		-8,5,12	-7,5,14	-6,5,14	-5,5,12	-4,5,12	-3,5,12	-2,5,12	-1,5,12	0,5,12	1,5,12	2,5,12	3,5,12	4,5,12	5,5,12	6,5,14	7,5,14	8,5,12		
		-8,4,12	-7,4,12	-6,4,14	-5,4,14	-4,4,12	-3,4,12	-2,4,12	-1,4,12	0,4,12	1,4,12	2,4,12	3,4,12	4,4,12	5,4,14	6,4,14	7,4,12	8,4,12		
		-8,3,12	-7,3,12	-6,3,12	-5,3,14	-4,3,14	-3,3,12	-2,3,12	-1,3,12	0,3,12	1,3,12	2,3,12	3,3,12	4,3,14	5,3,14	6,3,12	7,3,12	8,3,12		
		-8,2,12	-7,2,12	-6,2,12	-5,2,12	-4,2,14	-3,2,14	-2,2,14	-1,2,14	0,2,14	1,2,14	2,2,14	3,2,14	4,2,12	5,2,12	6,2,12	7,2,12	8,2,12		
		-8,1,12	-7,1,12	-6,1,12	-5,1,12	-4,1,12	-3,1,12	-2,1,12	-1,1,12	0,1,12	1,1,12	2,1,12	3,1,12	4,1,12	5,1,12	6,1,12	7,1,12	8,1,12		