				-9,16,15	-8,16,15	-7,16,15	-6,16,15													
			-10,15,15	-9,15,8	-8,15,8	-7,15,8	-6,15,8	-5,15,15												
		-11,14,15	-10,14,8	-9,14,8	-8,14,8	-7,14,8	-6,14,8	-5,14,15												
	-12,13,15	-11,13,8	-10,13,8	-9,13,8	-8,13,15	-7,13,8	-6,13,8	-5,13,15												
	-12,12,15	-11,12,8	-10,12,8	-9,12,8	-8,12,8	-7,12,8	-6,12,8	-5,12,15										5,12,15		
-13,11,14	-12,11,14	-11,11,14	-10,11,15	-9,11,15	-8,11,8	-7,11,8	-6,11,8	-5,11,15		-3,11,15	-2,11,15	-1,11,15	0,11,15					5,11,15		
	-12,10,15	-11,10,8	-10,10,8	-9,10,8	-8,10,8	-7,10,8	-6,10,8	-5,10,8	-4,10,15	-3,10,8	-2,10,8	-1,10,8	0,10,8	1,10,15			4,10,15	5,10,8	6,10,15	
		-11,9,15	-10,9,15	-9,9,15	-8,9,15	-7,9,8	-6,9,8	-5,9,8	-4,9,8	-3,9,8	-2,9,8	-1,9,8	0,9,8	1,9,8	2,9,15		4,9,15	5,9,15	6,9,15	
					-8,8,15	-7,8,15	-6,8,8	-5,8,8	-4,8,8	-3,8,8	-2,8,8	-1,8,8	0,8,8	1,8,8	2,8,8	3,8,15	4,8,8	5,8,15		
					-8,7,15		-6,7,15	-5,7,15	-4,7,15	-3,7,8	-2,7,8	-1,7,8	0,7,8	1,7,8	2,7,8	3,7,8	4,7,15			
				-9,6,15		-7,6,15			-4,6,15	-3,6,15	-2,6,15	-1,6,15	0,6,8	1,6,8	2,6,8	3,6,15				
					-8,5,15				-4,5,15	-3,5,8	-2,5,15		0,5,15	1,5,8	2,5,15					
									-4,4,15	-3,4,8	-2,4,15		0,4,15	1,4,8	2,4,15					
								-5,3,15	-4,3,15	-3,3,15	-2,3,15	-1,3,15	0,3,15	1,3,15	2,3,15					