																												
																												
																												
																												
																												
																												
																												
																												
																												
																												
																												
																												
																												
																												
																												
																												
																												
																												
															0,8,0,2													
																												
																												
																												
																												
																												
																												
																												
																												
																												
																												
																												
																												
																												
																												
																												
																												
																												
																												
																												
																												
																												
																												
																												
																												
																												
															0,8,-1,2													
																												
																												
																												
																												
																												
																												
																												
																												
																												
																												
																												
																												
																												
																												
																												
																												
																												
																												
																												
																												
																												
																												
																												
																												
																												
															0,8,-2,2													
																												
																												
																												
																												
																												
																												
																												
																												
																												
																												
																												
																												
																												
																												
																												
																												
																												
																												
																												
																												
																												
																												
																												
																												
															0,9,-3,2													
															0,8,-3,2													
																												
																												
																												
																												
																												
																												
																												
																												
																												
																												
																												
																												
																												
																												
																												
																												
																												
																												
																												
																												
																												
																												
																												
														-1,10,-4,1	0,10,-4,1													
												-3,9,-4,10	-2,9,-4,10	-1,9,-4,1	0,9,-4,1													
										-5,8,-4,10	-4,8,-4,10	-3,8,-4,10	-2,8,-4,10	-1,8,-4,13	0,8,-4,13													
														-1,7,-4,13	0,7,-4,13													
														-1,6,-4,13	0,6,-4,13													
												-3,5,-4,5	-2,5,-4,5	-1,5,-4,5	0,5,-4,5	1,5,-4,5	2,5,-4,5											
													-2,4,-4,5	-1,4,-4,5	0,4,-4,5	1,4,-4,5												
														-1,3,-4,5	0,3,-4,5													
														-1,2,-4,13	0,2,-4,13													
											-4,1,-4,5	-3,1,-4,5	-2,1,-4,5	-1,1,-4,5	0,1,-4,5	1,1,-4,5	2,1,-4,5	3,1,-4,5										
																												
																												
																												
																												
																												
																												
																												
																												
																												
																												
																												
																												
																												
																												
																												
																												
														-1,10,-5,1	0,10,-5,1													
														-1,9,-5,1	0,9,-5,1	1,9,-5,10	2,9,-5,10											
														-1,8,-5,13	0,8,-5,13	1,8,-5,10	2,8,-5,10	3,8,-5,10	4,8,-5,10									
														-1,7,-5,13	0,7,-5,13													
														-1,6,-5,13	0,6,-5,13													
												-3,5,-5,5	-2,5,-5,5	-1,5,-5,5	0,5,-5,5	1,5,-5,5	2,5,-5,5											
													-2,4,-5,5	-1,4,-5,5	0,4,-5,5	1,4,-5,5												
														-1,3,-5,5	0,3,-5,5													
														-1,2,-5,13	0,2,-5,13													
											-4,1,-5,5	-3,1,-5,5	-2,1,-5,5	-1,1,-5,5	0,1,-5,5	1,1,-5,5	2,1,-5,5	3,1,-5,5										
																												
																												
																												
																												
																												
																												
																												
																												
																												
																												
																												
																												
																												
																												
																												
																												
																												
																												
														-1,8,-6,2														
																												
																												
																												
																												
																												
																												
																												
																												
																												
																												
																												
																												
																												
																												
																												
																												
																												
																												
																												
																												
																												
																												
																												
																												
																												
														-1,8,-7,2														
																												
																												
																												
																												
																												
																												
																												
																												
																												
																												
																												
																												
																												
																												
																												
																												
																												
																												
																												
																												
																												
																												
																												
																												
														-1,9,-8,2														
														-1,8,-8,2														
																												
																												
																												
																												
																												
																												
																												
																												
																												
																												
																												
																												
																												
																												
																												
																												
																												
																												
																												
																												
																												
																												
																												
																												
														-1,9,-9,2														
														-1,8,-9,2														
																												
																												
																												
																												
																												
																												
																												
																												