																												
																												
																												
																												
																												
																												
																												
																												
																												
																												
																												
																												
																												
																												
																												
																												
																												
																												
																												
												-3,7,0,14	-2,7,0,14															
																												
																												
																												
																												
												-3,2,0,14	-2,2,0,14															
																												
																												
																												
																												
																												
																												
																												
																												
																												
																												
																												
																												
																												
																												
																												
																												
																												
																												
																												
																												
												-3,7,-1,14	-2,7,-1,14															
												-3,6,-1,4																
												-3,5,-1,4																
												-3,4,-1,4																
												-3,3,-1,4																
												-3,2,-1,14	-2,2,-1,14															
																												
																												
																												
																												
																												
																												
																												
																												
																												
																												
																												
																												
																												
																												
																												
																												
																												
																												
																												
																												
												-3,7,-2,14	-2,7,-2,14															
																												
																			4,5,-2,0									
																												
																												
										-5,2,-2,15		-3,2,-2,14	-2,2,-2,14															
																												
																												
																												
																												
																												
																												
																												
																												
																												
																												
																												
																												
																												
																												
																												
																												
																												
																												
																												
																												
												-3,7,-3,14	-2,7,-3,14						4,7,-3,14									
																		3,6,-3,14	4,6,-3,14									
											-4,5,-3,0	-3,5,-3,0	-2,5,-3,14	-1,5,-3,14	0,5,-3,14	1,5,-3,14	2,5,-3,14	3,5,-3,14	4,5,-3,14									
											-4,4,-3,0	-3,4,-3,0	-2,4,-3,14	-1,4,-3,14	0,4,-3,14	1,4,-3,14	2,4,-3,14	3,4,-3,12	4,4,-3,12									
										-5,3,-3,15	-4,3,-3,8	-3,3,-3,8	-2,3,-3,12	-1,3,-3,12	0,3,-3,12	1,3,-3,12	2,3,-3,12	3,3,-3,12										
												-3,2,-3,14	-2,2,-3,14															
												-3,1,-3,15																
																												
																												
																												
																												
																												
																												
																												
																												
																												
																												
																												
																												
																												
																												
																												
																												
																												
																												
																												
												-3,7,-4,14	-2,7,-4,14						4,7,-4,14									
										-5,6,-4,15								3,6,-4,14	4,6,-4,14									
										-5,5,-4,15	-4,5,-4,0	-3,5,-4,0	-2,5,-4,14	-1,5,-4,14	0,5,-4,14	1,5,-4,14	2,5,-4,14	3,5,-4,14	4,5,-4,14									
										-5,4,-4,0	-4,4,-4,0	-3,4,-4,0	-2,4,-4,14	-1,4,-4,14	0,4,-4,14	1,4,-4,14	2,4,-4,14	3,4,-4,12	4,4,-4,12									
											-4,3,-4,8	-3,3,-4,8	-2,3,-4,12	-1,3,-4,12	0,3,-4,12	1,3,-4,12	2,3,-4,12	3,3,-4,12										
												-3,2,-4,14	-2,2,-4,14															
																												
																												
																												
																												
																												
																												
																												
																												
																												
																												
																												
																												
																												
																												
																												
																												
																												
																												
																												
																												
												-3,7,-5,14	-2,7,-5,14						4,7,-5,14									
																		3,6,-5,14	4,6,-5,14									
											-4,5,-5,0	-3,5,-5,0	-2,5,-5,14	-1,5,-5,14	0,5,-5,14	1,5,-5,14	2,5,-5,14	3,5,-5,14	4,5,-5,14									
											-4,4,-5,0	-3,4,-5,0	-2,4,-5,14	-1,4,-5,14	0,4,-5,14	1,4,-5,14	2,4,-5,14	3,4,-5,12	4,4,-5,12									
										-5,3,-5,15	-4,3,-5,8	-3,3,-5,8	-2,3,-5,12	-1,3,-5,12	0,3,-5,12	1,3,-5,12	2,3,-5,12	3,3,-5,12										
												-3,2,-5,14	-2,2,-5,14															
												-3,1,-5,15																
																												
																												
																												
																												
																												
																												
																												
																												
																												
																												
																												
																												
																												
																												
																												
																												
																												
																												
																												
												-3,7,-6,14	-2,7,-6,14															
																												
																			4,5,-6,0									
																												
																												
										-5,2,-6,15		-3,2,-6,14	-2,2,-6,14															
																												
																												
																												
																												
																												
																												
																												
																												
																												
																												
																												
																												
																												
																												
																												
																												
																												
																												
																												
																												
												-3,7,-7,14	-2,7,-7,14															
												-3,6,-7,4																
												-3,5,-7,4																
												-3,4,-7,4																
												-3,3,-7,4																
												-3,2,-7,14	-2,2,-7,14															
																												
																												
																												
																												
																												
																												
																												
																												
																												
																												
																												
																												
																												
																												
																												
																												
																												
																												
																												
																												
												-3,7,-8,14	-2,7,-8,14															
																												
																												
																												
																												
												-3,2,-8,14	-2,2,-8,14															
																												
																												