[-9, 34, -2, 2, 0]
[-9, 34, -1, 2, 0]
[-9, 34, 0, 2, 0]
[-9, 35, -2, 78, 0]
[-9, 35, -1, 78, 0]
[-9, 35, 0, 78, 0]
[-9, 36, -2, 0, 0]
[-9, 36, -1, 0, 0]
[-9, 36, 0, 0, 0]
[-8, 34, -2, 2, 0]
[-8, 34, -1, 2, 0]
[-8, 34, 0, 78, 0]
[-8, 35, -2, 78, 0]
[-8, 35, -1, 78, 0]
[-8, 35, 0, 0, 0]
[-8, 36, -2, 0, 0]
[-8, 36, -1, 0, 0]
[-8, 36, 0, 0, 0]
[-7, 34, -2, 2, 0]
[-7, 34, -1, 78, 0]
[-7, 34, 0, 78, 0]
[-7, 35, -2, 78, 0]
[-7, 35, -1, 0, 0]
[-7, 35, 0, 0, 0]
[-7, 36, -2, 0, 0]
[-7, 36, -1, 0, 0]
[-7, 36, 0, 0, 0]
